Some((
    red: 1.0,
    green: 0.80784315,
    blue: 0.3176471,
))