Some((
    red: 0.90404963,
    green: 0.7425748,
    blue: 0.33064914,
))